-0.755
0.050
0.850
1.685
2.505
3.325
4.075
4.775
5.500
6.330
7.180
8.005
8.825
9.690
10.580
11.505
12.370
13.180
13.955
14.705
15.425
16.120
16.920
17.765
18.620
19.480
20.320
21.125
21.940
22.745
23.535
24.295
24.995
25.685
26.400
27.205
27.980
28.745
29.470
30.150
30.840
31.515
32.165
32.820
33.460
34.075
34.690
35.340
35.990
36.655
37.470
38.270
39.040
39.730
40.370
41.010
41.675
42.510
43.320
44.150
44.980
45.750
46.470
47.165
47.960
48.780
49.565
50.335
51.055
51.760
52.600
53.450
54.285
55.050
55.785
56.475
57.170
57.950
58.750
59.495
60.165
60.830
61.525
62.360
63.140
63.880
64.620
65.425
66.255
67.100
67.880
68.650
69.350
70.015
70.680
71.340
72.035
72.890
73.725
74.535
75.320
76.105
76.910
77.735
78.545
79.350
80.175
81.015
81.835
82.625
83.380
84.095
84.810
85.630
86.425
87.220
88.030
88.865
89.750
90.615
91.420
92.215
93.010
93.790
94.570
95.360
96.155
96.970
97.800
98.650
99.470
100.270
101.060
101.875
102.730
103.605
104.460
105.320
106.185
107.005
107.795
108.550
109.255
110.045
110.870
111.690
112.490
113.300
114.155
115.045
115.925
116.760
117.555
118.265
119.145
119.730
120.420
121.070
121.755
122.435
123.105
123.840
124.685
125.460
126.230
127.035
127.905
128.750
129.550
130.330
131.035
131.670
132.310
132.980
133.780
134.590
135.405
136.210
137.045
137.900
138.725
139.520
140.290
141.065
141.850
142.625
143.380
144.080
144.695
145.365
146.000
146.655
147.370
148.180
149.005
149.840
150.685
151.505
152.290
153.050
153.765
154.480
155.200
155.905
156.730
157.565
158.415
159.225
160.005
160.745
161.455
162.190
163.005
163.840
164.690
165.550
166.365
167.145
167.935
168.740
169.560
170.375
171.180
171.935
172.710
173.455
174.225
174.995
175.795
176.630
177.475
178.305
179.115
179.935
180.770
181.560
182.355
183.050
183.725
184.405
185.145
185.895
186.715
187.560
188.420
189.275
190.110
190.915
191.720
192.530
193.360
194.145
194.920
195.690
196.405
197.080
197.785
198.705
199.570
200.425
201.245
202.050
202.860
203.655
204.440
205.225
206.005
206.820
207.605
208.345
208.985
209.590
210.200
210.845
211.525
212.200
212.895
213.790
214.690
215.365
216.025
216.660
217.325
218.050
218.855
219.615
220.320
221.005
221.700
222.410
223.080
223.715
224.340
224.980
225.680
226.265
226.890
227.490
228.115
228.805
229.620
230.385
231.070
231.695
232.325
232.985
233.655
234.335
235.040
235.755
236.450
237.125
237.795
238.510
239.350
240.135
240.870
241.555
242.215
242.870
243.520
244.165
244.780
245.420
246.095
246.900
247.710
248.510
249.275
249.985
250.655
251.330
252.010
252.695
253.385
254.085
254.920
255.725
256.505
257.190
257.815
258.465
259.095
259.750
260.425
261.080
261.740
262.405
263.065
263.750
264.440
265.095
265.720
266.320
266.930
267.550
268.185
268.835
269.520
270.255
270.965
271.630
272.295
272.995
273.805
274.600
275.355
276.040
276.695
277.395
278.260
279.120
279.970
280.780
281.520
282.185
282.855
283.630
284.430
285.230
286.000
286.750
287.495
288.285
289.110
289.855
290.535
291.185
291.845
292.550
293.355
294.145
294.910
295.645
296.315
296.995
297.720
298.535
299.315
300.075
300.860
301.655
302.470
303.270
304.050
304.795
305.535
306.230
306.900
307.570
308.310
309.180
310.065
310.945
311.800
312.625
313.470
314.280
315.065
315.775
316.510
317.225
318.025
318.850
319.690
320.500
321.295
322.100
322.920
323.735
324.475
325.170
325.800
326.405
326.995
327.620
328.390
329.155
329.915
330.735
331.600
332.380
333.075
333.735
334.405
335.095
335.915
336.720
337.450
338.150
338.845
339.705
340.590
341.445
342.255
343.015
343.735
344.425
345.135
345.950
346.745
347.505
348.245
348.950
349.690
350.420
351.120
351.835
352.695
353.570
354.420
355.200
355.935
356.600
357.255
357.875
358.470
359.055
359.690
360.325
360.950
361.615
362.430
363.260
364.060
364.780
365.440
366.075
366.735
367.445
368.260
369.025
369.790
370.565
371.345
372.150
372.955
373.735
374.505
375.310
376.135
376.940
377.725
378.475
379.170
379.870
380.680
381.505
382.320
383.115
383.895
384.670
385.450
386.215
386.945
387.645
388.435
389.310
390.240
391.095
391.885
392.605
393.280
393.960
394.745
395.555
396.345
397.120
397.935
398.755
399.565
400.350
401.115
401.870
402.680
403.500
404.340
405.120
405.870
406.575
407.240
407.945
408.765
409.590
410.420
411.265
412.090
412.890
413.680
414.450
415.185
415.890
416.620
417.450
418.285
419.095
419.915
420.765
421.465
422.130
422.765
423.425
424.135
424.940
425.755
426.605
427.435
428.205
428.905
429.580
430.295
431.110
431.955
432.840
433.690
434.550
435.430
436.330
437.220
438.115
438.955
439.770
440.530
441.235
441.900
442.595
443.430
444.285
445.150
445.985
446.840
447.680
448.500
449.290
449.985
450.640
451.315
452.140
452.990
453.865
454.630
455.320
455.965
456.615
457.450
458.400
459.400
460.305
461.120
461.860
462.505
463.160
463.790
464.440
465.160
465.980
466.795
467.585
468.370
469.170
469.990
470.820
471.645
472.435
473.175
473.860
474.530
475.235
476.075
476.940
477.835
478.725
479.595
480.460
481.340
482.195
483.075
483.860
484.600
485.270
485.905
486.550
487.320
488.135
489.010
489.835
490.655
491.460
492.275
493.110
493.905
494.675
495.385
496.115
496.980
497.870
498.760
499.605
500.395
501.150
501.895
502.710
503.545
504.350
505.135
505.960
506.835
507.750
508.655
509.545
510.320
511.045
511.720
512.410
513.200
513.970
514.740
515.530
516.350
517.180
518.005
518.785
519.560
520.380
521.240
522.085
522.855
523.580
524.255
524.975
525.810
526.645
527.495
528.315
529.145
530.010
530.905
531.760
532.570
533.365
534.125
534.915
535.745
536.585
537.445
538.270
539.055
539.800
540.485
541.185
542.025
542.880
543.705
544.475
545.185
545.870
546.575
547.300
548.000
548.715
549.565
550.420
551.250
552.065
552.905
